00 00 00 00 00 00 00 00 
00 00 00 00 00 00 00 00
00 00 00 00 00 00 00 00
00 00 00 00 00 00 00 00 
00 00 00 00 00 00 00 00 
00 00 00 00 00 00 00 00 
00 00 00 00 00 00 00 00 
00 00 00 00 00 00 00 00 
00 00 00 00 00 00 00 00 
00 00 00 00 00 00 00 00
00 00 00 00 00 00 00 00
00 00 00 00 00 00 00 00 
00 00 00 00 00 00 00 00 
00 00 00 00 00 00 00 00 
00 00 00 00 00 00 00 00 
00 00 00 00 00 00 00 00
2c 24 40 00 00 00 00 00
a4 22 40 00 00 00 00 00 
b1 22 40 00 00 00 00 00
48 00 00 00 00 00 00 00 
ec 23 40 00 00 00 00 00
f7 23 40 00 00 00 00 00 
83 23 40 00 00 00 00 00
f9 22 40 00 00 00 00 00 
a4 22 40 00 00 00 00 00
cc 20 40 00 00 00 00 00 
37 31 62 38 39 30 65 30
00 00 00 00 00 00 00 00
00 00 00 00 00 00 00 00 
00 00 00 00 00 00 00 00 
00 00 00 00 00 00 00 00 
00 00 00 00 00 00 00 00
88 00 00 00 00 10 00 00
00 00 00 00 00 00 00 00
00 00 00 00 00 00 00 00
00 00 00 00 00 00 00 00 
00 00 00 00 00 00 00 00 
00 00 00 00 00 00 00 00 
00 00 00 00 00 00 00 00
00 00 00 00 00 00 00 00 
00 00 00 00 00 00 00 00 
00 00 00 00 00 00 00 00
37 31 62 38 39 30 65 30
00 00 00 00 00 00 00 00
37 31 62 38 39 30 65 30 